error:  0.9635653031696013
y = -0.5454634006122878 * x + -78.21080768707091


error: 0.9229896984930348
y = -0.5486186149630113 * x + -78.79166965907666


error: 0.8824022358933047
 y = -0.5420717138059882 * x + -77.66254592718116
